100
2 3
1 2
1 2
3 3
1 2
2 3
2 2
3 3
1 1
2 2
1 2
16 100
43 91
45 92
46 91
44 92
43 90
43 93
44 93
45 93
44 91
45 91
46 93
46 92
44 90
45 90
43 92
46 90
68 74
12 36
36 46
18 61
23 48
2 61
5 47
26 35
17 70
57 65
24 45
38 46
54 56
16 60
23 50
40 71
3 12
63 64
32 71
36 67
18 60
11 34
9 43
35 35
3 67
56 65
32 54
1 64
1 25
17 52
46 47
10 42
4 56
10 13
18 43
41 58
38 54
13 52
34 49
12 38
7 74
23 36
8 48
20 47
38 44
44 52
16 59
1 37
42 57
38 74
12 41
5 38
61 67
13 48
6 31
44 59
15 74
20 24
20 61
17 59
36 43
1 9
66 68
30 67
23 72
13 48
2 20
10 47
14 54
31 32
2 25
12 29
7 12
27 30
4 21
25 27
17 29
4 17
12 19
8 13
1 16
10 20
10 20
22 30
1 15
30 31
23 29
12 18
21 30
3 21
15 18
13 32
12 26
8 15
5 11
2 11
13 26
4 10
16 16
7 17
22 30
49 76
27 32
3 47
33 40
3 26
44 49
3 7
6 76
18 57
15 36
50 73
23 32
20 64
74 76
4 36
46 75
12 71
49 54
44 51
11 60
3 45
25 75
30 37
33 47
48 49
46 69
26 31
18 39
9 37
50 69
10 40
26 70
34 48
36 43
26 51
18 55
18 72
54 71
27 67
4 48
58 66
2 23
6 33
27 48
70 71
51 54
36 64
17 27
4 40
26 50
23 34
1 15
6 20
1 20
10 30
10 23
7 17
27 28
2 24
13 16
17 30
18 19
9 17
3 26
14 24
23 33
7 23
6 32
10 26
7 24
23 25
5 17
19 33
4 25
62 46
3 17
5 9
34 40
25 39
7 10
14 16
13 21
13 16
3 9
11 44
13 31
14 28
15 22
8 21
8 18
25 34
27 35
5 37
21 34
4 36
14 27
8 43
27 43
10 39
10 21
11 36
18 36
1 20
20 41
8 36
8 40
6 19
26 32
18 42
35 37
8 33
35 41
10 44
12 44
32 32
13 44
6 29
33 37
32 45
32 45
29 41
26 29
19 22
2 13
9 26
3 20
12 37
26 27
17 34
27 41
25 46
10 12
38 39
37 39
38 43
19 41
16 34
32 82
19 47
3 51
34 82
27 38
36 42
5 69
27 52
17 75
30 31
13 44
35 63
24 34
41 42
21 55
14 81
27 73
70 78
11 48
26 43
9 65
25 81
3 46
21 42
63 72
1 56
47 79
15 79
16 64
61 82
15 34
38 49
33 42
100 17
4 12
8 16
3 7
3 3
3 12
1 1
5 13
7 8
6 17
13 15
4 17
9 16
3 4
4 16
7 8
6 6
14 16
6 10
13 14
12 17
10 15
2 2
9 14
4 6
1 8
11 12
2 14
12 14
1 17
2 6
12 15
6 16
4 11
1 8
7 14
1 2
1 16
2 14
2 16
4 8
1 6
1 6
8 17
8 11
3 14
7 7
3 17
9 13
11 11
5 7
2 11
15 16
16 17
3 5
1 3
10 15
3 9
11 15
13 15
1 17
5 11
1 3
10 11
4 6
10 10
8 17
10 13
7 12
14 17
6 9
5 13
7 14
6 15
9 15
2 11
5 12
17 17
14 15
2 17
10 17
3 11
9 13
8 15
3 5
5 16
9 12
10 13
8 9
2 3
3 4
4 14
1 9
4 10
14 14
1 11
9 16
7 10
8 8
1 16
2 6
63 95
27 63
41 93
3 72
15 59
8 46
34 80
7 39
41 55
48 81
42 58
50 83
38 69
8 11
5 23
9 36
19 57
22 72
88 88
13 61
2 22
22 75
40 89
58 63
61 83
11 76
41 72
21 78
28 83
84 89
59 63
23 63
59 89
8 29
29 75
60 81
6 33
22 33
38 51
45 57
17 56
71 81
70 82
13 64
85 95
70 81
35 81
47 79
29 31
4 81
32 88
37 39
34 94
18 61
60 93
14 85
43 57
10 16
79 91
51 67
23 88
85 86
51 65
28 81
100 100
45 84
15 73
12 43
26 29
2 85
24 99
38 75
72 88
73 81
4 32
24 99
2 85
72 88
34 41
11 47
9 13
52 99
9 75
19 74
26 29
94 98
19 74
41 47
65 73
20 76
15 73
56 93
3 58
19 31
31 67
4 16
45 84
39 46
44 93
47 88
11 47
41 47
11 51
49 55
30 31
39 48
49 94
44 69
44 57
49 55
7 59
94 98
47 88
6 92
65 73
56 93
2 57
1 39
41 98
32 96
44 93
45 55
73 81
12 43
39 46
44 57
7 59
45 55
3 58
48 96
43 44
41 98
15 82
20 76
1 39
11 98
6 92
9 13
52 99
38 78
39 48
42 63
48 96
32 96
49 94
27 100
38 78
9 75
38 75
15 82
4 16
27 100
4 32
11 51
30 31
34 41
31 67
43 44
42 63
2 57
44 69
11 98
19 31
79 84
79 84
100 100
30 68
35 35
46 97
8 48
42 45
61 69
38 39
50 85
17 25
14 17
61 67
40 62
54 88
35 41
79 93
3 81
1 5
44 81
27 63
14 54
8 35
3 19
55 94
32 72
39 41
33 91
25 51
29 100
22 83
8 69
8 38
52 75
19 91
68 90
22 46
83 87
13 59
39 80
37 77
42 48
58 97
1 46
38 43
7 57
23 91
91 98
1 38
73 86
5 7
59 83
9 35
32 98
66 73
8 80
19 28
87 88
29 41
61 90
3 69
16 62
79 87
46 70
57 96
27 53
57 71
13 50
97 100
52 77
57 76
6 19
58 94
25 26
48 52
55 80
91 98
33 43
1 86
80 96
24 53
8 16
9 32
36 72
55 95
20 86
18 32
4 35
21 71
67 93
14 40
19 23
11 63
24 84
54 88
3 89
1 7
7 74
48 98
17 83
22 87
63 64
100 100
50 79
36 83
74 86
29 84
51 70
12 83
30 47
95 99
10 100
24 56
76 83
32 83
6 12
12 55
41 59
36 51
40 55
29 40
74 100
69 84
12 88
29 81
19 45
80 87
39 45
29 81
53 65
3 3
24 85
9 47
75 88
2 46
3 12
69 89
49 61
12 66
14 25
54 82
42 82
25 63
50 89
23 70
16 73
17 86
50 74
63 92
65 97
17 47
16 37
46 70
34 79
55 89
60 90
31 60
7 44
44 93
53 82
81 83
9 88
18 34
34 98
63 79
37 67
3 33
37 58
6 20
68 69
72 79
16 27
15 47
23 93
63 83
19 97
79 79
11 18
38 84
12 68
48 73
30 34
24 71
3 36
31 73
3 85
14 47
19 20
12 45
15 81
51 80
12 23
47 85
37 58
1 2
28 45
21 89
20 67
30 45
30 60
40 55
13 55
44 53
64 100
6 21
6 20
6 19
8 15
9 20
7 20
10 15
6 15
7 17
5 16
10 20
7 14
8 17
5 14
5 19
4 21
6 14
5 18
11 14
4 18
5 17
9 15
9 21
9 17
8 16
11 21
6 17
11 15
4 20
11 17
10 14
4 15
11 16
8 14
11 18
8 20
6 16
7 21
4 19
8 18
5 20
7 15
8 21
9 16
4 17
10 19
5 21
10 16
10 18
10 17
9 19
4 16
6 18
10 21
7 18
7 16
9 18
11 20
4 14
8 19
11 19
5 15
9 14
7 19
100 100
10 28
10 43
2 36
12 86
38 86
56 100
27 84
44 76
30 41
48 96
48 90
65 75
46 91
40 42
43 82
52 59
6 67
72 92
4 72
10 47
1 14
8 26
36 47
1 83
53 71
34 87
55 100
15 26
13 41
55 83
62 98
92 98
11 59
4 45
31 49
18 55
3 8
20 89
71 77
34 90
19 61
22 76
32 82
65 86
43 94
11 89
19 84
72 88
29 51
72 72
46 78
12 15
37 51
57 68
54 66
26 40
23 86
20 83
2 14
8 59
5 76
55 97
8 53
8 35
91 95
65 99
86 94
20 97
23 72
7 26
51 87
26 42
39 82
19 30
5 45
32 59
17 89
13 41
28 76
3 54
12 64
58 82
20 89
62 91
48 50
40 81
22 61
37 52
6 35
49 72
4 27
2 39
17 28
48 88
21 86
37 53
43 88
11 33
2 52
12 34
100 12
1 11
2 6
1 6
4 6
2 7
3 6
11 12
2 9
7 12
4 6
2 5
5 12
4 7
5 11
5 7
3 9
4 12
8 9
1 7
10 12
3 4
4 11
2 2
6 8
9 10
1 6
5 12
7 10
3 5
6 8
8 8
3 9
9 11
3 11
7 11
8 10
1 12
6 9
2 9
1 5
9 11
4 5
10 11
6 10
2 4
2 10
8 12
2 6
5 6
11 12
2 11
1 5
1 3
10 12
1 1
4 8
2 3
5 7
3 10
5 5
1 8
1 2
1 2
4 10
4 9
2 11
6 12
1 7
5 10
5 11
4 9
8 11
2 4
1 10
2 12
2 8
1 9
6 11
7 9
3 8
3 11
1 4
2 10
5 6
2 7
7 10
6 9
4 4
6 12
6 7
7 8
1 10
5 10
7 9
4 10
3 8
7 8
2 5
6 6
12 12
100 100
19 78
43 64
74 91
50 65
74 91
7 83
27 67
15 83
75 89
43 84
25 34
34 43
45 63
46 89
20 64
36 80
30 40
34 43
35 90
25 34
75 89
15 30
36 47
20 36
35 90
8 22
1 58
29 78
46 89
17 76
26 83
30 40
31 48
12 81
20 29
26 83
30 38
47 52
7 51
12 30
20 36
43 64
53 97
69 81
29 78
33 90
8 22
48 78
20 29
49 59
15 83
86 100
56 92
47 52
24 59
91 92
48 78
77 78
62 95
60 90
60 90
66 94
1 58
26 67
43 84
91 92
19 78
7 51
62 95
12 81
2 19
86 100
20 64
17 76
8 24
36 80
31 48
2 19
30 38
49 59
26 34
26 67
36 47
27 67
66 94
77 78
69 81
12 32
12 32
50 65
7 83
8 24
12 30
53 97
45 63
33 90
56 92
24 59
26 34
15 30
4 100
57 64
56 63
57 63
56 64
9 11
1 8
3 9
1 6
4 10
3 11
5 5
1 5
1 8
2 3
2 2
1 2
1 2
100 100
19 42
2 40
7 17
41 66
20 69
59 80
19 42
10 44
21 33
49 74
2 90
75 94
4 5
15 31
10 44
63 82
6 61
56 63
20 69
21 33
12 83
43 64
60 79
59 80
25 57
17 92
5 13
70 87
56 90
23 24
12 39
2 40
38 98
5 13
17 22
17 92
58 96
13 78
17 22
30 81
35 39
63 82
17 23
59 90
60 79
56 90
42 73
94 99
17 23
35 39
41 66
58 64
14 55
6 61
20 99
49 74
59 90
87 96
58 64
13 25
42 91
20 99
12 39
23 33
58 96
42 91
23 24
38 98
15 40
34 48
23 61
75 94
4 5
15 31
43 64
13 78
48 87
3 88
16 58
15 40
2 90
56 63
94 99
16 58
5 20
30 81
87 96
7 17
42 73
5 20
34 48
25 57
3 88
23 33
14 55
70 87
48 87
23 61
12 83
13 25
100 13
10 11
8 11
2 5
8 10
3 6
2 9
2 5
2 7
5 6
5 7
8 12
8 9
6 9
4 7
1 3
9 11
4 12
4 8
1 1
2 6
1 12
5 9
3 4
4 7
4 8
9 9
2 12
4 13
7 13
2 12
9 13
6 11
7 13
3 6
6 11
5 8
2 6
7 9
3 10
7 11
5 10
8 11
1 7
1 9
9 13
4 11
10 12
1 2
6 12
3 12
3 7
8 12
10 13
2 3
3 4
6 13
13 13
9 12
7 10
5 12
1 11
2 4
5 8
8 9
2 4
1 12
10 13
3 10
10 12
5 13
10 11
2 2
4 12
1 9
5 7
4 13
4 9
9 12
3 7
2 11
3 8
3 8
1 3
2 7
3 3
6 13
5 12
10 10
9 11
6 9
4 10
1 4
5 5
2 11
1 5
1 11
12 12
5 11
1 5
6 7
25 24
4 23
3 6
23 23
7 22
18 24
1 15
20 22
12 12
10 19
15 21
19 21
8 20
17 22
10 16
15 19
16 22
19 20
8 13
19 23
6 17
3 9
11 23
4 16
2 5
16 24
4 2
1 2
1 2
2 2
1 1
94 69
28 53
19 32
2 53
55 69
7 14
48 66
37 42
34 43
32 35
58 68
7 55
12 21
5 38
15 37
13 42
35 66
11 44
31 49
9 42
41 63
1 22
11 37
15 39
51 54
51 56
43 45
40 43
15 31
48 61
17 26
3 53
26 32
62 66
10 66
24 60
2 56
13 21
35 56
6 34
17 25
26 60
36 44
17 60
42 61
4 60
8 18
42 59
17 36
1 10
20 64
33 61
17 64
4 15
16 50
14 21
24 51
32 61
11 13
5 24
7 27
13 46
35 66
7 52
37 53
48 54
35 50
47 66
21 59
33 59
23 60
41 46
30 31
16 18
45 46
32 66
46 56
11 45
22 25
8 52
28 35
43 55
26 41
25 29
28 44
66 69
6 9
9 29
3 10
32 55
50 68
29 47
13 18
19 63
50 58
95 80
26 29
38 62
9 35
38 41
53 76
58 63
22 42
12 26
11 79
19 80
42 58
63 71
9 54
31 79
8 68
26 34
5 80
2 29
41 73
15 31
35 46
22 26
22 79
62 78
36 61
64 78
63 67
1 37
77 79
2 16
2 65
12 55
15 45
37 60
48 78
18 24
19 39
36 49
38 39
36 67
7 65
6 75
45 69
13 22
32 78
29 35
13 34
64 80
34 74
40 68
28 60
22 47
2 78
44 57
48 77
30 80
15 33
27 50
28 79
1 67
18 34
21 62
25 79
12 18
29 78
13 18
1 41
13 68
10 45
22 50
28 36
13 57
45 57
10 51
26 80
53 75
53 80
32 70
15 72
17 73
18 26
32 65
53 64
25 34
61 68
13 17
8 78
29 44
53 66
35 56
3 32
32 55
17 61
30 67
62 70
100 100
26 68
3 13
15 91
43 74
42 55
44 46
54 97
36 97
92 95
43 77
36 81
15 87
14 66
54 95
17 50
28 90
45 71
35 85
21 58
63 78
11 20
22 100
5 30
59 68
82 82
77 100
1 96
21 33
4 92
10 97
32 75
39 90
27 92
23 42
44 45
62 71
29 34
34 37
65 100
52 55
70 88
72 94
14 47
25 94
5 28
16 88
67 81
4 30
61 64
89 100
30 96
26 31
33 88
9 32
24 68
4 86
67 73
21 37
5 49
49 68
33 75
69 79
27 49
29 92
5 51
53 98
16 23
37 84
2 43
1 92
32 61
59 98
67 98
61 88
12 93
8 10
45 54
50 52
42 85
35 71
86 87
52 59
5 29
7 39
23 63
53 53
17 100
20 82
2 13
38 71
36 51
27 51
41 100
9 45
24 49
54 95
60 92
9 67
54 60
14 28
100 20
1 5
14 15
4 9
14 15
12 19
5 13
14 20
6 17
3 17
3 20
3 10
6 17
1 17
8 9
12 14
13 13
12 14
7 14
4 8
3 16
7 16
2 6
7 18
11 19
7 12
5 5
9 17
6 7
10 13
5 19
3 14
2 5
14 19
6 19
7 8
9 13
2 2
12 15
4 16
10 15
2 16
19 20
5 20
5 13
15 16
8 17
2 8
12 15
1 8
6 15
3 19
9 10
8 13
1 1
7 13
9 19
3 18
12 12
2 16
4 19
2 11
19 20
7 10
3 17
3 6
5 16
8 11
4 11
2 5
5 9
17 20
6 6
2 11
8 14
2 6
10 15
12 20
15 18
3 20
3 13
1 18
14 14
4 9
9 15
15 16
11 16
4 5
10 16
4 18
9 14
2 8
6 8
2 4
18 19
7 19
2 7
13 16
3 8
10 16
1 18
36 6
4 6
1 6
6 6
5 5
3 4
2 3
3 6
2 6
2 5
2 4
3 4
2 5
1 1
2 4
1 5
1 2
4 5
1 4
1 2
1 6
2 6
3 5
2 2
1 5
4 6
2 3
1 4
5 6
3 6
1 3
3 3
4 4
1 3
5 6
4 5
3 5
77 98
48 87
43 50
47 67
21 61
46 51
2 55
16 24
85 89
24 69
47 81
37 95
25 66
15 48
4 58
11 91
42 76
25 53
53 57
64 74
26 91
75 89
40 89
2 94
12 34
14 87
68 75
1 90
56 82
86 98
61 63
10 33
38 53
4 11
25 92
28 55
38 58
39 86
13 80
75 88
35 84
8 13
44 81
34 92
27 52
25 84
13 74
20 49
13 91
18 45
52 75
3 16
41 52
28 62
27 58
40 90
47 51
7 68
9 17
79 96
54 84
11 49
38 40
16 78
10 37
85 96
6 66
53 74
16 38
12 69
12 80
19 93
71 82
24 62
39 90
2 76
67 83
47 76
100 100
37 82
4 40
69 79
7 53
60 69
21 90
15 86
15 87
10 47
14 90
15 60
42 54
18 20
18 30
19 52
16 51
46 90
17 94
50 62
15 43
21 52
21 86
26 59
12 94
12 20
66 98
34 85
17 69
7 72
27 83
61 68
13 37
23 65
54 94
49 85
68 83
18 29
15 20
15 35
41 68
10 87
2 56
58 99
6 14
47 63
13 19
93 95
71 84
14 90
67 78
81 81
25 56
14 76
73 84
36 92
53 62
8 27
31 70
75 87
53 95
17 32
34 82
22 53
83 99
7 13
34 62
55 90
13 46
25 69
40 44
63 72
50 86
63 90
48 63
79 97
48 71
11 84
46 70
35 63
27 65
45 76
19 24
27 100
59 62
4 79
30 91
33 61
72 95
62 86
21 49
6 46
45 99
92 97
49 58
25 89
59 74
14 86
11 91
75 100
43 55
100 100
49 95
43 75
76 100
35 81
2 67
88 89
91 93
16 55
65 76
46 97
79 98
29 34
13 71
24 39
60 70
28 72
7 87
87 88
6 75
3 56
9 74
40 67
43 95
2 61
2 60
82 94
42 65
53 71
72 74
50 89
60 70
51 67
44 79
12 78
74 91
20 36
11 20
9 54
44 56
82 96
41 94
2 94
13 47
9 64
55 64
9 83
58 78
29 89
3 88
64 80
48 73
17 81
68 83
29 35
49 58
76 91
9 87
28 92
48 100
77 95
11 56
25 83
60 64
26 31
16 71
41 54
11 32
42 78
61 65
71 77
22 28
2 24
19 63
19 37
6 33
10 93
26 44
32 57
42 95
22 75
78 80
54 59
6 68
10 79
14 27
15 46
47 85
9 62
45 89
22 91
1 14
27 88
19 75
36 43
18 35
88 99
12 38
34 72
11 82
24 68
100 100
75 76
31 74
57 72
64 74
30 90
54 93
18 61
29 99
38 41
70 92
37 65
33 96
42 43
24 72
52 75
25 100
19 84
26 100
4 66
9 66
73 100
27 63
52 62
3 10
42 48
17 33
64 95
53 77
51 71
12 47
22 40
34 40
16 60
17 99
1 4
2 55
20 79
41 75
23 52
2 51
50 72
31 49
36 68
73 85
78 89
60 87
56 65
14 48
15 15
23 45
46 48
59 82
68 76
5 90
36 87
19 51
13 29
17 54
69 85
58 92
11 65
40 52
33 47
21 97
8 19
68 86
29 98
72 81
44 56
14 73
32 85
21 45
39 53
27 76
18 52
43 98
63 64
65 92
40 67
3 19
56 70
80 98
70 89
35 47
2 93
18 20
13 27
80 86
17 83
3 50
27 94
66 88
9 82
7 89
5 28
19 91
4 12
6 46
39 85
6 28
100 10
1 4
1 10
6 9
1 4
4 9
4 10
2 6
1 8
4 5
1 3
8 9
1 10
1 6
3 4
3 8
1 3
6 8
3 9
2 3
3 7
5 6
1 9
5 8
3 10
2 7
6 9
3 3
6 7
5 10
7 10
5 8
2 8
3 8
6 6
5 5
4 9
4 7
1 1
2 4
3 7
7 8
1 9
8 10
2 8
1 5
1 6
7 9
2 10
9 9
9 10
4 7
4 6
4 6
10 10
2 9
2 7
4 4
5 9
2 3
4 8
9 10
5 10
2 10
3 6
7 9
7 7
6 10
8 9
5 7
6 7
1 7
5 6
5 7
5 9
3 10
8 8
1 5
1 2
8 10
2 9
3 4
3 5
1 8
2 4
6 8
3 9
1 2
2 5
4 8
7 10
2 6
4 10
6 10
3 6
7 8
3 5
2 5
2 2
4 5
1 7
39 77
33 38
40 67
35 75
2 3
17 46
21 33
36 42
6 31
17 24
24 68
33 75
59 73
8 39
22 64
15 34
12 51
9 65
17 33
14 21
29 40
56 73
23 62
1 29
2 17
1 35
18 30
13 68
23 65
28 64
17 19
36 70
62 64
54 55
8 27
48 62
27 39
46 69
36 61
41 44
51 18
9 18
2 13
10 17
5 7
7 11
2 14
3 18
12 17
6 12
4 14
2 10
2 5
2 7
5 6
6 6
4 4
9 10
4 18
13 17
8 17
10 18
5 17
10 17
5 15
3 18
6 16
4 14
9 14
9 12
4 17
3 16
16 17
7 16
6 10
3 16
5 11
2 6
2 10
8 11
15 16
7 8
8 17
4 6
8 11
8 10
7 16
3 4
9 11
6 9
1 5
7 17
100 100
38 40
40 42
5 41
39 98
4 75
14 72
57 61
37 48
56 95
21 27
57 93
37 61
6 89
3 28
34 48
10 36
21 70
2 16
29 43
68 75
4 74
3 52
1 3
9 65
71 73
52 71
49 98
22 88
50 78
78 88
15 30
68 72
22 80
4 20
20 95
74 79
46 97
68 97
5 96
61 69
21 77
57 75
16 47
54 69
38 55
84 99
55 60
37 43
4 40
70 71
2 79
32 47
13 63
66 72
20 64
3 86
35 90
59 90
14 80
10 44
63 100
23 85
11 41
50 70
36 73
14 79
22 27
74 96
21 55
84 100
17 67
1 60
40 50
41 64
22 50
20 96
6 12
57 63
10 64
27 64
65 83
27 33
97 98
34 69
29 38
29 76
21 46
34 64
9 96
45 66
14 82
1 71
59 62
70 75
44 53
22 55
85 94
16 53
25 63
19 23
100 19
8 9
5 18
7 18
3 17
4 19
17 19
16 19
5 12
13 18
5 19
1 5
7 11
5 12
13 15
12 17
15 18
6 8
18 19
4 5
1 11
3 6
3 10
14 17
6 12
3 14
15 17
5 11
17 18
6 9
4 8
5 14
12 19
8 12
5 16
12 14
4 9
9 16
8 19
5 14
16 19
9 15
5 16
8 19
1 13
2 11
8 11
3 6
6 13
5 18
5 11
10 10
1 3
5 15
3 5
4 16
11 19
13 14
14 19
6 19
13 15
3 19
6 15
1 7
1 8
13 18
7 17
1 18
3 9
9 19
6 15
3 8
3 7
4 19
13 17
6 17
3 7
4 6
7 16
11 19
10 17
3 12
12 12
5 10
9 14
10 17
6 8
2 13
10 18
2 7
8 13
2 16
1 12
4 10
17 17
9 16
3 13
6 14
2 14
7 13
3 11
100 100
31 99
11 21
52 78
58 70
10 64
78 99
54 78
44 70
14 81
4 19
31 100
40 87
28 92
13 29
42 81
41 92
2 42
2 56
9 94
4 96
73 98
60 83
33 53
51 100
52 75
39 70
73 98
46 98
6 86
10 73
41 92
54 59
1 20
38 39
29 78
28 87
53 98
15 48
18 24
10 53
3 38
76 94
30 38
54 78
14 74
13 26
63 84
29 71
66 91
57 76
38 65
3 22
11 74
45 95
34 100
42 52
16 45
65 99
36 66
4 20
23 49
30 91
19 51
50 78
5 96
33 96
17 24
34 83
1 49
64 85
8 67
1 94
72 78
7 24
22 89
5 46
7 26
71 83
15 87
91 98
43 46
47 93
31 73
58 95
34 89
3 57
6 71
56 72
25 41
4 94
26 65
1 81
47 94
19 71
1 50
24 75
60 93
72 78
68 70
35 90
36 65
1 63
43 52
40 43
58 60
9 36
42 42
27 50
27 28
29 48
31 52
8 37
10 64
44 48
32 42
2 29
4 5
3 39
45 59
6 15
15 36
24 53
47 63
45 59
9 63
15 20
11 11
15 55
5 5
8 45
13 40
25 40
33 58
24 41
11 64
7 19
13 16
53 58
54 57
17 55
28 53
5 46
13 52
29 34
30 45
27 36
3 11
33 50
30 57
14 52
9 12
41 43
42 43
1 50
8 49
2 27
40 43
3 50
19 42
4 5
29 57
18 19
10 11
7 49
11 53
7 37
54 56
3 40
16 49
30 56
13 40
10 58
8 55
17 58
20 52
26 38
37 52
11 13
3 18
28 41
5 27
35 57
21 31
28 42
8 42
3 8
3 51
30 57
52 58
14 53
2 5
100 100
53 93
53 91
55 99
55 93
55 97
56 91
49 92
55 98
53 97
54 96
56 97
49 99
53 92
54 91
53 99
57 93
57 96
52 94
54 99
50 100
52 96
54 92
48 94
56 100
53 96
52 91
56 95
55 95
54 100
56 93
50 98
50 97
48 99
49 100
54 93
57 91
55 91
48 92
53 100
51 97
51 98
50 95
54 95
52 100
57 98
57 95
52 99
51 91
56 98
53 95
57 94
56 92
51 94
49 91
53 94
55 94
57 92
49 98
54 97
51 95
50 94
52 95
52 92
50 91
50 92
51 92
48 96
56 94
50 99
49 96
48 100
49 95
51 99
55 100
57 97
51 93
49 97
48 97
57 99
50 93
51 96
50 96
51 100
52 93
48 95
48 98
48 91
49 93
54 94
52 97
56 96
55 92
48 93
54 98
52 98
57 100
53 98
55 96
56 99
49 94
100 100
2 60
2 38
1 97
2 78
2 48
2 10
2 36
1 63
1 69
2 46
1 25
2 8
2 74
1 87
2 62
1 39
1 81
1 71
1 37
2 28
1 1
1 23
1 29
2 32
2 6
1 77
1 21
1 19
1 49
2 96
2 18
2 30
2 20
2 40
2 94
1 85
2 80
2 98
2 88
1 51
1 35
1 7
1 31
1 91
1 41
2 42
1 27
2 54
2 82
2 26
1 65
2 44
2 52
2 34
1 79
2 12
1 53
1 45
2 100
1 61
2 86
2 84
1 73
2 14
2 72
1 89
2 92
2 70
1 57
1 15
1 43
1 83
2 50
1 99
2 22
2 2
1 59
1 5
1 47
1 55
1 13
2 66
1 33
1 75
2 56
1 95
1 11
1 67
2 16
2 68
2 64
2 58
2 24
2 90
1 93
1 3
2 76
1 17
2 4
1 9
100 100
94 95
90 91
24 25
86 87
71 72
1 2
87 88
62 63
17 18
23 24
64 65
43 44
48 49
5 6
6 7
47 48
70 71
35 36
14 15
68 69
92 93
26 27
57 58
12 13
74 75
39 40
95 96
60 61
2 3
53 54
50 51
58 59
79 80
99 100
93 94
33 34
4 5
9 10
34 35
27 28
91 92
88 89
56 57
69 70
89 90
82 83
37 38
7 8
84 85
77 78
36 37
16 17
78 79
19 20
8 9
96 97
18 19
10 11
75 76
76 77
63 64
98 99
29 30
38 39
49 50
80 81
11 12
85 86
61 62
42 43
81 82
3 4
66 67
46 47
1 100
25 26
51 52
97 98
21 22
83 84
22 23
41 42
73 74
28 29
31 32
40 41
59 60
67 68
44 45
30 31
45 46
65 66
52 53
15 16
72 73
32 33
54 55
55 56
20 21
13 14
100 100
49 59
33 73
71 74
1 83
2 50
27 93
46 65
50 57
39 80
39 77
63 99
55 88
45 85
49 59
46 86
61 81
18 21
71 74
9 40
56 73
17 86
39 80
63 99
36 38
37 74
27 60
33 73
28 56
2 50
28 56
42 97
48 85
46 86
35 73
9 61
7 47
66 90
39 73
7 47
17 61
56 66
32 92
8 66
88 92
13 45
66 81
17 61
53 96
9 61
55 88
66 81
18 21
45 85
73 77
11 50
2 27
9 40
1 83
27 93
42 88
32 92
17 50
61 81
82 95
13 45
36 38
34 89
42 88
46 65
82 95
36 51
37 74
53 96
11 50
56 66
36 51
39 77
50 57
30 94
66 90
48 85
1 48
39 73
79 88
15 95
8 66
42 97
79 88
35 73
17 86
56 73
17 50
15 95
34 89
88 92
27 60
2 27
30 94
73 77
1 48
50 91
22 82
78 82
30 31
25 27
8 25
39 62
66 70
36 61
8 91
88 88
15 40
28 65
63 75
26 80
60 84
1 64
43 45
37 51
45 60
5 70
51 83
33 62
41 55
6 22
48 64
7 81
17 48
7 90
21 39
20 45
24 29
50 86
33 57
12 83
28 48
77 83
48 83
6 36
8 12
6 61
25 65
4 13
62 84
4 59
30 55
13 75
11 84
41 42
3 32
30 37
17 21
5 6
13 19
8 13
10 18
15 19
14 16
9 19
3 16
1 21
3 21
7 19
17 20
7 9
2 16
7 11
1 21
6 8
100 100
61 73
8 80
2 93
2 87
16 84
31 79
63 70
58 91
31 83
19 42
13 69
1 64
61 74
27 58
5 91
38 97
27 72
43 75
34 77
19 26
47 96
28 95
15 69
30 67
4 44
59 94
56 74
7 38
52 73
55 96
49 88
12 65
88 100
64 96
61 96
19 55
26 73
28 72
33 55
57 72
43 95
35 60
6 10
18 47
21 51
17 67
7 77
22 90
10 66
2 41
14 53
43 56
77 88
57 64
29 45
71 85
56 69
60 92
49 99
5 31
64 96
28 79
30 60
19 71
45 72
10 70
7 70
45 49
10 99
32 55
33 47
1 100
14 83
73 90
45 55
11 39
34 41
65 76
88 94
6 82
98 100
62 100
23 93
3 7
11 95
73 82
36 84
58 94
2 73
14 24
55 71
79 99
13 69
7 31
37 59
30 96
12 24
32 45
56 66
8 56
64 8
1 7
3 5
2 3
3 8
1 4
1 5
2 5
4 5
4 4
2 7
2 5
3 3
2 8
1 4
3 5
6 8
6 8
2 6
4 8
1 6
1 2
2 4
1 5
5 5
7 7
3 6
2 4
1 2
5 7
3 4
4 6
2 3
3 4
1 8
4 7
5 8
1 3
5 6
4 6
1 6
1 3
2 2
4 7
5 6
7 8
6 7
3 6
7 8
4 5
2 7
1 8
5 7
8 8
6 7
4 8
2 8
1 7
6 6
3 7
2 6
5 8
3 7
1 1
3 8
100 100
69 69
86 86
19 19
82 82
5 5
99 99
32 32
72 72
30 30
75 75
77 77
50 50
43 43
46 46
95 95
98 98
92 92
62 62
20 20
76 76
1 1
90 90
80 80
64 64
54 54
11 11
17 17
29 29
12 12
83 83
25 25
96 96
91 91
55 55
44 44
94 94
41 41
21 21
56 56
28 28
53 53
31 31
65 65
27 27
52 52
8 8
6 6
78 78
4 4
51 51
61 61
85 85
9 9
100 100
14 14
59 59
42 42
3 3
37 37
36 36
70 70
15 15
24 24
66 66
58 58
57 57
33 33
22 22
97 97
71 71
79 79
7 7
2 2
93 93
16 16
84 84
34 34
10 10
60 60
49 49
45 45
39 39
26 26
73 73
68 68
74 74
67 67
23 23
88 88
48 48
47 47
63 63
81 81
40 40
89 89
87 87
38 38
18 18
13 13
35 35
30 6
1 4
1 5
3 4
5 6
2 4
2 6
2 3
2 5
2 4
2 6
3 6
4 6
1 6
4 5
3 4
1 5
1 4
1 3
1 3
2 5
2 3
5 6
4 5
1 2
1 2
1 6
4 6
3 5
3 6
3 5
100 100
82 92
56 70
75 86
2 17
25 26
20 66
16 23
68 89
17 45
5 35
6 62
16 36
24 59
76 93
35 43
38 89
28 91
22 24
64 85
3 71
5 55
5 12
4 98
52 75
85 94
42 70
14 29
11 30
46 55
75 100
13 69
35 48
20 62
49 69
26 30
4 55
72 82
5 89
1 86
54 55
54 68
10 22
23 89
18 50
3 45
5 88
20 47
2 19
2 48
35 69
75 77
17 90
50 96
6 94
15 67
52 80
3 24
71 92
79 100
10 80
47 79
37 70
55 90
13 88
41 55
44 77
47 50
26 35
59 90
35 41
36 86
28 94
22 77
11 30
15 97
57 99
13 63
49 73
46 95
34 62
27 68
20 64
24 62
2 31
36 46
18 37
25 38
29 63
10 34
1 21
3 38
56 94
17 18
11 76
79 91
5 68
13 88
25 32
5 82
19 35
100 100
1 47
1 34
1 33
1 11
1 7
1 42
1 71
1 48
1 24
1 4
1 32
1 19
1 12
1 51
1 94
1 91
1 9
1 98
1 39
1 61
1 69
1 58
1 37
1 90
1 56
1 25
1 2
1 49
1 41
1 43
1 88
1 77
1 97
1 99
1 84
1 67
1 6
1 65
1 83
1 46
1 13
1 72
1 3
1 89
1 96
1 54
1 29
1 86
1 45
1 44
1 93
1 82
1 40
1 74
1 64
1 79
1 20
1 1
1 62
1 76
1 5
1 92
1 81
1 14
1 38
1 60
1 87
1 55
1 10
1 35
1 75
1 50
1 21
1 68
1 28
1 18
1 59
1 63
1 95
1 26
1 78
1 52
1 100
1 27
1 23
1 70
1 73
1 80
1 57
1 17
1 85
1 53
1 36
1 66
1 15
1 22
1 31
1 8
1 30
1 16
62 81
18 67
28 43
34 48
3 8
2 5
9 33
27 78
28 35
42 63
39 79
30 42
31 36
27 35
34 76
4 31
69 74
34 53
12 61
40 79
42 65
32 64
3 72
34 67
18 54
22 69
26 81
11 14
15 66
18 36
25 38
49 60
42 67
12 58
35 40
34 35
17 80
12 43
61 62
24 66
57 77
36 41
54 73
12 65
43 45
51 51
65 81
28 34
1 44
8 58
31 57
41 74
39 71
42 44
10 73
3 24
32 37
63 79
25 37
5 60
36 40
10 70
71 75
94 51
39 49
7 45
31 38
15 47
6 34
16 33
21 48
8 37
6 37
3 38
12 22
13 49
11 17
20 34
39 46
21 42
23 33
25 27
16 30
6 20
13 20
16 32
9 45
5 5
6 16
37 40
15 19
2 42
19 42
36 44
28 46
35 35
22 45
9 45
31 43
33 33
26 47
3 24
34 37
7 42
25 33
11 33
14 37
26 50
25 51
29 30
13 18
17 19
12 51
8 21
21 31
1 45
30 39
1 45
32 35
14 40
1 21
40 47
40 46
34 46
21 31
12 12
5 46
4 18
9 51
28 49
41 44
14 24
15 48
33 51
9 44
18 24
17 50
11 24
10 47
35 44
8 31
9 50
14 46
38 49
12 20
18 39
15 36
14 28
33 34
7 17
25 48
33 50
2 48
41 49
46 51
7 38
12 18
4 10
100 100
28 32
72 89
14 83
41 100
1 88
15 55
10 75
50 93
66 100
18 80
59 90
64 94
14 94
33 57
25 31
35 46
4 34
64 79
37 59
4 24
32 59
5 40
12 80
5 27
30 73
66 100
10 39
92 98
5 32
19 43
42 77
62 64
13 25
21 48
48 82
67 74
19 50
23 34
24 81
4 62
45 72
44 53
34 56
75 80
49 69
19 23
5 69
48 81
49 78
65 95
34 49
44 100
12 29
81 87
65 98
5 97
25 26
34 50
4 62
66 81
32 53
38 61
48 52
77 99
43 95
49 55
12 74
7 11
18 31
40 68
30 86
54 77
59 77
39 70
21 92
68 91
11 13
8 76
17 70
4 79
68 80
8 76
12 13
14 96
23 75
23 63
76 93
27 96
16 39
22 62
59 77
5 45
41 61
7 99
8 44
76 91
62 66
5 78
3 76
55 83
100 100
26 39
7 68
56 77
73 100
39 71
31 36
55 89
16 47
47 80
50 70
66 94
32 32
27 95
20 32
71 76
2 31
43 76
73 81
7 46
28 54
70 76
18 66
17 48
46 97
46 55
11 45
48 64
29 64
3 64
20 92
34 56
32 60
15 84
62 65
60 96
46 83
38 100
19 33
18 64
25 83
11 38
1 54
59 87
63 66
62 84
42 53
27 45
6 69
2 69
13 56
6 18
28 41
46 89
50 56
37 56
91 93
75 99
7 27
26 85
33 52
44 90
71 91
40 42
22 42
27 74
5 25
6 58
56 66
36 85
19 87
10 40
35 62
61 90
46 55
88 88
22 40
39 43
56 69
69 90
13 78
46 85
49 50
24 40
17 88
37 46
27 64
14 84
36 68
37 71
17 99
11 94
3 64
31 70
19 23
61 65
22 87
52 62
53 69
17 67
22 86
100 100
34 85
52 97
45 78
6 75
42 96
29 60
46 93
52 97
31 43
9 82
30 43
7 68
68 75
30 63
4 38
2 83
50 90
35 68
20 27
5 57
4 31
34 85
21 24
8 42
29 81
29 39
39 95
8 42
4 9
19 21
39 81
16 77
20 27
27 71
31 93
21 24
21 26
63 99
57 100
6 75
16 99
5 57
13 77
46 93
44 93
12 72
14 87
76 87
56 90
16 99
19 21
39 81
30 43
2 83
16 77
4 31
7 68
45 78
56 86
63 99
68 75
21 26
42 96
9 82
39 46
31 43
70 96
12 72
37 39
5 32
29 39
56 69
56 69
18 54
27 81
57 100
50 90
56 90
14 87
39 95
27 81
70 96
18 54
29 81
4 38
37 39
5 32
4 9
30 63
44 93
29 60
39 46
31 93
8 23
27 71
76 87
56 86
13 77
35 68
8 23
40 12
9 11
10 11
4 12
2 8
1 8
4 5
1 6
5 8
5 6
9 11
1 6
2 11
8 12
1 9
1 10
1 8
8 8
2 3
1 11
6 6
5 12
6 8
4 9
2 5
1 11
5 7
3 5
5 10
7 11
9 10
4 7
3 12
2 11
10 12
5 9
10 11
2 10
2 12
1 3
2 12
46 57
12 25
9 39
32 51
16 55
16 49
16 35
23 32
53 56
41 50
11 44
8 29
34 54
11 18
32 35
13 15
1 54
32 42
1 30
10 14
20 27
15 20
6 25
46 51
14 26
43 57
8 8
52 53
53 55
16 19
6 53
9 21
19 21
23 37
22 45
13 54
1 38
10 46
26 33
5 14
18 23
44 50
35 45
8 14
27 56
16 37
31 41
100 100
87 92
18 48
42 52
9 11
3 28
3 73
19 33
43 82
30 96
13 88
26 60
41 71
4 31
5 30
5 62
24 34
4 88
32 67
45 77
85 88
12 15
66 82
9 36
2 65
27 36
25 89
58 84
19 87
24 58
76 96
13 59
11 68
20 76
34 65
20 62
19 62
61 88
77 85
33 81
58 93
20 92
16 62
16 52
36 56
12 13
35 81
40 51
2 24
3 37
12 68
50 82
1 46
12 31
3 21
62 75
15 93
29 30
14 34
21 22
68 76
22 35
43 92
41 76
29 76
81 97
28 34
3 64
30 37
23 76
8 36
59 91
18 31
45 84
14 20
81 92
12 64
6 35
74 83
4 8
65 96
9 65
7 37
55 80
6 93
14 41
14 65
3 93
9 98
66 98
13 98
26 67
4 77
17 35
28 86
52 66
10 20
81 92
84 97
1 94
39 41
12 4
2 4
1 4
3 4
1 4
2 3
1 2
2 4
1 2
1 3
2 3
3 4
1 3
2 100
1 2
1 1
100 100
34 48
17 42
23 77
52 71
25 100
89 92
13 60
80 97
80 84
67 92
20 78
24 52
23 77
25 57
46 92
46 92
37 55
4 38
67 92
39 52
79 89
15 91
39 68
25 100
35 37
4 38
27 60
68 88
39 52
15 91
25 57
5 61
29 55
41 43
55 93
24 50
27 60
42 82
29 99
54 98
1 44
15 50
2 52
89 92
2 52
19 32
35 37
24 50
17 42
13 60
79 89
52 71
74 81
80 84
15 50
16 26
55 93
8 67
33 94
37 55
68 88
24 45
42 82
20 78
2 24
8 67
80 97
13 20
31 70
34 48
29 99
27 98
5 61
16 26
9 63
24 45
22 81
1 44
10 90
2 24
22 81
27 98
31 70
39 68
10 90
29 64
9 63
13 20
6 28
41 43
19 32
6 28
59 81
29 55
33 94
54 98
24 52
74 81
29 64
59 81
2 2
1 1
2 2
3 2
1 1
1 2
1 2
100 100
76 83
59 80
92 92
85 95
68 97
74 95
60 62
89 92
56 71
56 64
65 71
51 62
53 89
61 80
59 89
55 83
68 88
88 97
55 60
73 79
66 94
89 94
53 86
59 85
79 84
61 100
63 68
62 99
79 83
80 96
78 89
65 98
50 61
77 92
52 84
56 80
59 79
57 76
71 98
72 100
70 75
62 93
69 82
74 95
59 76
73 85
73 94
71 97
63 98
61 95
53 79
56 97
81 81
51 72
55 89
57 82
51 81
54 68
56 67
76 82
51 79
69 82
75 86
51 65
55 73
80 86
53 76
58 78
68 73
67 87
80 98
77 92
72 88
71 76
54 68
57 98
53 72
66 85
63 82
77 80
63 95
68 70
89 97
65 82
55 70
52 89
69 97
57 94
66 86
51 61
54 98
75 81
78 87
58 96
59 88
75 81
70 83
69 71
52 83
63 81
3 3
2 3
2 2
3 3
100 100
49 87
22 87
36 92
77 97
7 8
14 72
10 43
40 41
4 89
2 85
15 36
48 54
39 94
73 92
19 79
49 52
32 97
54 73
8 23
36 73
2 95
6 46
69 81
56 80
62 87
21 92
35 60
14 63
59 90
15 69
21 29
36 37
22 62
65 81
45 93
78 92
27 34
3 57
34 40
29 48
54 85
44 60
23 66
33 36
3 22
21 86
30 44
45 81
49 52
19 21
11 79
64 67
9 94
64 78
9 56
66 82
72 75
6 49
30 86
41 97
21 78
18 32
67 68
64 85
47 72
56 75
41 44
2 19
9 99
24 30
3 77
22 97
19 60
14 39
28 83
34 82
85 91
50 84
9 78
24 72
29 93
30 63
72 80
18 93
12 72
3 61
40 86
41 77
80 80
8 35
88 100
9 85
16 33
8 58
38 63
8 9
79 81
60 85
59 99
44 88
100 16
1 11
4 10
2 4
7 11
3 9
4 5
13 14
5 9
14 15
1 3
3 11
9 13
10 13
9 10
7 15
9 14
4 15
11 14
3 10
13 16
4 12
11 15
7 9
3 9
1 9
4 15
8 15
4 9
5 7
1 3
10 13
8 13
3 15
7 11
6 14
6 12
2 5
1 12
1 8
1 13
9 14
5 14
3 6
9 11
4 11
2 16
2 6
6 16
6 6
5 12
2 14
6 8
3 15
2 6
3 10
4 16
9 12
8 11
4 10
7 8
3 6
12 16
5 9
10 16
5 13
1 14
4 7
6 8
11 12
2 16
13 15
12 15
2 10
12 14
2 3
5 16
3 4
4 7
8 15
5 7
12 15
1 4
7 15
8 8
8 13
4 6
2 11
1 14
8 10
5 5
4 12
4 5
7 8
14 16
1 10
3 11
11 15
12 14
11 12
2 15
100 100
88 98
89 97
84 86
57 79
90 95
52 92
68 85
52 90
58 96
84 94
51 77
77 83
83 100
87 88
53 60
50 100
79 97
77 94
52 52
61 90
83 99
57 74
86 94
54 86
80 81
56 78
58 73
64 91
78 91
53 60
95 98
83 94
80 94
76 97
54 82
64 89
83 92
86 90
68 72
66 88
68 77
56 79
53 67
64 90
80 91
51 78
61 67
68 74
67 100
68 90
50 74
67 97
56 99
72 76
96 99
66 76
74 88
58 64
52 75
64 71
97 98
85 99
54 72
52 77
63 80
71 90
52 98
52 77
85 92
63 81
54 60
51 92
53 74
67 96
75 94
62 80
54 54
62 92
66 72
63 79
60 89
51 55
91 96
64 72
83 93
57 58
73 90
76 76
65 98
80 89
76 100
84 94
52 62
83 90
81 92
61 65
58 77
71 95
83 91
60 65
24 70
9 30
19 56
28 47
47 63
15 58
28 52
1 68
2 68
20 69
4 4
1 25
34 54
42 69
8 36
2 65
12 32
35 62
28 42
18 19
8 62
35 37
9 18
9 49
4 48
36 100
6 31
7 34
9 31
8 36
8 32
11 36
10 34
7 35
11 35
10 35
7 36
8 35
6 33
9 36
11 34
8 31
6 36
8 34
9 34
10 33
6 32
10 31
9 32
11 32
7 31
8 33
9 33
11 31
7 33
10 36
10 32
6 35
9 35
6 34
11 33
7 32
100 100
47 54
37 71
43 80
20 94
27 85
22 99
65 92
60 97
9 30
27 85
2 51
69 85
10 51
10 75
46 72
60 69
15 28
67 95
37 76
8 68
5 34
1 11
9 86
24 25
44 64
20 94
26 86
48 51
6 97
24 44
66 67
60 69
20 32
3 88
11 24
60 97
6 15
8 98
67 95
9 49
45 57
40 95
66 67
6 15
29 30
76 87
11 16
37 59
3 88
44 64
76 87
26 86
15 36
8 68
47 54
9 30
10 51
43 80
42 55
1 11
15 28
46 72
20 60
7 73
11 24
37 59
3 36
3 36
66 78
10 75
11 16
9 87
20 32
24 44
5 34
20 48
45 57
20 60
29 30
24 25
7 73
2 51
15 36
69 85
42 55
4 82
66 78
22 99
8 98
9 49
4 82
9 87
40 95
48 51
6 97
20 48
37 76
65 92
9 86
37 71
100 100
11 62
11 25
54 77
68 71
34 87
12 14
65 98
37 99
46 67
17 62
12 88
39 58
67 88
10 71
7 82
14 46
13 87
22 76
68 71
68 78
20 62
1 63
11 62
40 59
50 60
22 76
19 44
39 95
69 89
46 100
34 94
14 46
30 78
19 92
34 94
67 88
4 96
50 60
8 44
12 14
37 81
30 78
65 98
75 89
13 22
30 89
35 83
50 58
11 25
65 66
7 82
46 100
23 37
50 98
68 78
20 62
52 90
54 77
50 98
17 62
46 67
13 22
39 58
13 87
79 85
13 74
1 63
10 71
34 87
8 44
52 90
37 99
48 100
55 68
12 88
75 89
55 68
17 98
35 83
4 96
8 97
51 79
40 59
48 100
69 89
13 58
65 66
79 85
8 97
13 74
17 98
39 95
37 81
13 58
30 89
19 44
19 92
51 79
50 58
23 37
100 100
60 73
56 93
67 79
15 60
60 61
24 70
36 75
17 21
78 90
88 99
10 72
57 83
18 31
80 85
31 97
35 85
83 89
42 44
92 98
12 78
8 70
18 77
49 56
18 19
1 70
26 55
4 43
17 20
10 10
2 73
11 100
44 57
24 80
72 96
20 86
25 63
6 74
53 78
5 99
27 85
27 100
63 99
21 97
77 88
43 66
1 74
13 42
1 82
92 95
29 77
5 31
27 28
17 89
12 51
4 35
2 93
33 56
54 100
6 72
10 50
16 80
36 58
3 41
23 99
9 51
20 39
11 32
42 52
25 64
12 88
3 9
26 26
28 73
11 64
38 100
15 46
36 65
53 61
44 56
11 68
57 62
11 27
16 53
63 85
88 94
34 92
74 88
6 35
4 81
51 96
43 70
40 61
38 82
17 29
10 69
10 99
7 98
7 85
36 47
9 49
100 100
33 85
24 32
73 94
65 85
48 58
8 21
24 71
21 82
9 88
41 96
42 95
28 29
22 60
47 62
3 72
27 65
46 67
83 85
43 55
17 52
19 33
50 62
38 77
48 70
32 90
21 42
3 75
36 83
7 86
39 44
65 66
33 90
15 31
16 18
4 9
13 98
17 69
29 48
49 86
18 89
38 77
5 65
62 76
4 24
17 69
20 53
50 81
20 91
58 74
41 56
41 67
43 63
6 89
7 91
64 94
30 46
61 80
3 54
45 82
3 16
9 62
16 17
20 35
39 93
76 81
34 79
60 70
35 77
14 48
18 63
20 62
70 87
14 71
9 58
1 32
65 66
26 42
19 49
10 73
2 67
37 84
6 69
63 74
28 74
61 75
63 85
28 38
97 99
77 92
3 14
12 51
34 76
55 61
66 86
30 92
80 93
11 96
19 24
12 61
7 99
16 4
1 3
1 1
3 3
3 4
1 2
1 4
2 3
1 2
2 4
2 3
1 3
2 4
4 4
3 4
1 4
2 2
10 79
12 69
14 49
1 26
27 27
51 63
7 49
29 75
29 76
6 68
47 62
56 8
4 7
2 8
4 8
5 8
2 4
6 7
2 7
1 4
1 2
7 8
1 4
2 5
2 6
4 6
1 8
3 6
2 8
2 6
6 7
1 3
5 6
3 5
6 8
3 8
3 8
1 6
4 5
2 4
4 6
1 6
2 3
3 6
2 7
2 3
3 4
1 8
5 7
1 5
1 2
4 5
3 7
2 5
3 7
3 5
1 5
4 8
3 4
1 3
1 7
4 7
5 7
7 8
5 6
5 8
1 7
6 8
90 10
6 7
5 7
8 10
3 4
3 8
5 8
2 6
3 8
6 10
9 10
5 7
2 8
1 3
2 5
4 8
8 9
1 2
7 9
7 10
3 6
7 8
4 10
4 9
1 8
6 10
1 9
4 5
3 4
4 9
4 8
1 9
5 6
6 8
1 4
7 10
4 10
1 2
2 9
7 9
1 7
3 10
3 7
5 9
3 9
8 10
2 3
2 7
2 5
4 7
5 6
2 10
2 7
1 10
4 6
4 5
6 9
1 3
5 10
4 7
7 8
5 9
3 10
1 6
3 5
1 10
9 10
4 6
2 8
2 6
1 5
6 9
6 7
6 8
5 10
1 5
1 8
3 9
3 5
1 7
1 4
5 8
8 9
2 10
1 6
2 3
3 7
2 4
2 9
2 4
3 6
100 100
8 57
27 39
22 28
10 26
23 95
53 92
8 13
64 91
18 21
32 51
22 60
29 39
41 59
14 35
42 73
63 76
16 89
59 93
14 35
15 54
29 39
14 28
32 51
39 85
6 72
96 98
20 74
2 17
42 51
20 73
72 83
42 92
27 39
76 84
65 86
96 98
37 66
1 43
50 54
2 82
15 31
55 82
18 21
22 60
34 92
14 93
38 60
8 13
63 76
40 70
10 26
15 31
65 86
38 60
72 83
2 43
20 74
15 44
76 84
25 98
2 17
2 82
14 94
16 69
16 69
8 57
50 54
20 64
39 85
42 51
22 28
64 91
41 59
15 44
55 82
14 94
14 93
42 92
16 89
59 86
14 28
25 79
6 72
25 79
20 64
25 98
20 73
72 85
1 43
59 93
59 86
72 85
40 70
2 43
42 73
23 95
37 66
34 92
15 54
53 92
100 100
66 75
45 83
34 73
5 46
22 47
37 94
57 69
22 23
44 58
74 75
34 52
28 92
76 94
1 6
1 67
23 63
36 81
36 92
40 59
39 91
74 80
11 21
56 72
83 91
31 40
9 12
84 96
7 54
24 62
21 86
7 38
56 94
37 55
14 86
22 85
25 54
50 100
80 93
1 75
27 90
96 99
16 45
4 58
14 80
4 45
3 27
66 100
6 64
80 82
60 94
16 47
22 40
11 96
70 85
31 35
6 82
31 37
60 100
41 42
22 27
22 60
33 81
68 96
81 92
43 65
33 36
4 13
31 47
30 50
4 94
3 85
25 43
49 93
73 79
31 93
65 90
55 58
4 92
3 49
49 95
16 41
15 60
4 39
12 85
69 96
46 65
36 70
35 99
14 95
1 78
14 46
12 54
4 25
5 6
70 86
17 99
30 42
5 68
22 95
78 100
100 14
6 12
8 12
5 10
2 13
5 10
2 10
3 8
6 12
2 5
7 11
5 11
3 11
5 7
7 12
1 10
2 14
3 9
3 6
2 4
3 12
9 14
10 11
2 5
1 7
3 13
10 14
1 5
3 14
5 8
12 13
1 11
13 14
4 9
5 7
6 8
6 11
1 7
7 10
1 13
11 14
9 13
4 13
9 12
4 8
2 10
7 9
12 14
3 10
3 7
5 12
2 12
1 5
10 14
3 9
5 9
4 9
9 10
1 2
5 14
12 14
1 10
2 7
1 4
8 11
1 4
1 2
8 10
8 13
2 7
6 13
8 14
11 11
6 11
1 8
3 11
4 5
2 11
1 11
7 8
4 13
3 4
10 13
3 14
6 8
9 11
9 9
7 13
4 7
7 8
5 14
11 13
3 13
8 8
7 10
5 8
2 12
7 9
5 5
4 8
5 12
16 15
6 10
4 13
6 8
8 12
3 12
5 8
11 15
8 8
5 6
10 15
7 12
11 11
6 9
7 14
1 8
3 12
100 100
41 47
59 90
72 97
2 34
37 56
53 90
9 24
34 54
2 35
51 70
41 85
83 83
22 63
11 52
11 43
8 56
6 33
26 28
70 97
11 79
54 97
60 82
36 65
16 79
47 90
1 80
20 55
17 45
12 74
4 27
71 76
16 28
5 59
16 27
30 77
29 52
23 39
25 45
20 38
4 44
24 29
84 88
23 70
54 69
61 72
27 27
65 94
23 41
44 64
63 81
64 92
46 59
93 97
35 42
1 99
27 71
38 99
28 81
5 49
29 93
37 80
72 100
3 88
27 46
36 58
57 96
24 59
15 93
43 80
13 76
31 54
48 81
17 79
54 56
20 79
1 52
10 59
12 97
31 40
15 90
23 71
90 99
74 80
10 36
14 22
13 24
52 94
10 95
24 56
87 99
72 96
2 31
43 67
27 62
26 86
45 50
39 98
17 42
42 85
35 93
100 100
62 97
70 70
66 79
57 93
98 98
55 78
91 98
82 89
63 76
71 87
61 99
74 96
56 79
61 75
60 61
78 85
56 100
53 89
50 51
85 92
54 70
61 68
74 87
73 93
82 92
72 82
54 72
60 93
53 54
55 98
70 97
82 86
78 97
56 71
81 87
70 99
51 61
73 90
54 79
83 84
94 99
59 72
64 100
85 87
85 91
62 77
77 100
60 62
75 87
51 52
72 76
58 80
60 62
77 97
53 94
68 90
74 96
55 84
65 94
55 92
55 70
90 92
73 81
58 75
56 95
83 98
71 78
52 89
67 68
52 70
79 95
57 85
70 94
50 77
74 89
67 90
52 98
50 52
75 89
61 86
68 87
69 93
76 81
67 97
55 69
87 96
69 91
87 99
66 94
52 73
54 98
67 90
51 100
57 93
57 94
78 81
77 79
77 84
65 65
83 85
100 100
7 94
50 51
10 91
19 82
17 84
1 100
12 89
30 71
15 86
5 96
49 52
45 56
41 60
3 98
48 53
25 76
29 72
11 90
16 85
40 61
38 63
37 64
5 96
20 81
28 73
8 93
32 69
42 59
9 92
3 98
21 80
20 81
23 78
35 66
46 55
24 77
39 62
32 69
36 65
26 75
4 97
8 93
44 57
48 53
13 88
2 99
33 68
26 75
47 54
13 88
19 82
15 86
22 79
35 66
50 51
29 72
45 56
44 57
11 90
12 89
34 67
14 87
2 99
34 67
40 61
42 59
4 97
38 63
21 80
25 76
7 94
6 95
43 58
27 74
14 87
31 70
6 95
17 84
30 71
24 77
47 54
39 62
9 92
27 74
1 100
16 85
18 83
31 70
43 58
33 68
49 52
36 65
28 73
41 60
22 79
46 55
37 64
23 78
10 91
18 83
100 100
51 67
22 71
5 62
54 99
17 37
83 85
35 55
11 72
60 95
28 86
5 82
22 43
66 69
39 41
2 35
68 80
45 87
9 25
35 65
1 78
5 89
80 85
12 20
62 63
43 55
85 90
55 99
53 66
39 48
27 54
61 62
40 74
57 66
19 80
3 53
71 99
63 75
30 95
12 92
44 66
58 96
54 72
25 44
12 58
15 16
67 78
43 91
45 79
1 49
24 96
1 44
20 99
23 78
28 40
14 99
40 78
14 30
14 55
11 97
47 84
10 80
5 59
47 72
33 96
74 85
21 79
9 86
57 69
7 85
3 34
63 73
10 60
19 21
62 76
39 59
10 48
1 83
16 47
21 77
5 41
31 69
11 69
46 54
57 99
4 89
91 92
7 55
87 88
12 51
10 43
20 34
28 32
12 58
90 93
42 55
9 84
66 81
10 89
10 45
26 92
73 61
23 59
16 41
13 15
14 48
52 58
14 30
17 56
49 52
15 53
17 30
36 46
23 49
3 24
2 42
19 39
23 56
22 52
11 41
20 33
46 58
26 47
33 57
13 51
29 37
52 55
7 42
21 39
36 49
43 58
56 61
12 52
7 55
4 38
14 46
39 56
39 41
43 51
29 55
3 41
9 34
22 31
18 26
43 54
50 56
25 50
30 41
3 32
12 30
42 48
44 49
33 51
26 29
7 47
20 50
51 52
37 39
24 34
6 38
39 41
45 57
33 38
6 43
43 46
12 28
6 59
13 35
53 61
7 19
27 48
21 54
18 58
2 21
4 15
100 18
2 12
1 8
15 18
2 14
9 17
11 17
7 12
6 8
1 18
3 16
10 13
5 18
8 16
8 11
1 15
14 17
10 16
4 18
2 2
14 16
12 14
8 8
10 18
9 14
3 3
2 17
8 18
13 17
9 13
5 13
1 14
15 16
8 14
7 13
3 4
10 16
1 13
17 17
12 17
5 8
3 18
16 17
3 8
8 12
9 11
9 15
2 11
1 6
9 18
7 8
1 6
8 17
7 18
2 5
9 18
7 7
10 11
7 12
1 11
17 18
5 18
8 13
4 5
2 4
1 3
10 12
3 8
9 10
7 11
7 13
8 17
1 11
4 8
11 13
4 10
3 16
1 18
5 9
10 12
9 14
17 18
9 9
3 10
15 18
4 4
4 14
2 13
16 16
10 18
6 8
5 5
3 14
3 10
11 17
3 11
8 10
4 8
4 14
5 11
7 8
100 11
8 10
9 10
6 9
4 4
6 11
5 10
1 7
2 3
2 8
4 7
5 10
2 7
5 8
3 3
4 7
2 7
7 9
2 4
7 8
5 5
4 5
1 3
1 5
4 5
2 5
1 6
3 6
3 5
4 9
2 5
1 2
1 10
3 6
6 6
6 8
5 11
7 11
6 9
1 11
9 11
3 8
3 8
10 11
2 6
4 10
7 8
2 4
5 7
8 10
8 11
7 7
4 8
8 11
10 11
4 9
3 9
6 8
2 8
3 11
1 10
7 11
8 9
4 8
1 3
5 8
2 2
3 7
2 10
10 10
5 11
5 6
1 5
4 11
1 1
2 11
3 4
2 11
9 9
6 10
8 9
1 8
3 4
5 6
4 10
9 11
6 7
1 7
1 2
1 8
2 6
6 11
3 7
9 10
7 10
3 11
5 7
11 11
1 4
3 5
4 11
11 21
17 20
4 13
10 15
9 19
19 20
10 20
6 9
4 19
6 10
10 13
11 11
100 100
4 56
70 99
9 79
39 69
40 45
23 71
18 71
12 92
42 46
30 84
43 96
15 75
13 60
41 95
65 74
34 87
41 47
7 42
3 45
3 45
11 47
57 76
81 87
23 50
65 74
34 87
49 80
4 78
13 38
30 74
4 56
78 90
36 94
56 67
33 67
15 75
80 88
27 30
20 100
36 94
7 42
43 96
85 99
6 87
18 71
41 47
67 94
6 87
85 99
42 46
43 79
80 88
40 45
12 92
20 100
13 60
15 17
6 46
79 99
7 92
39 69
23 71
49 50
22 85
56 67
49 80
6 46
79 99
30 74
81 87
43 79
15 16
7 92
67 94
27 30
67 69
15 16
2 35
70 99
67 69
4 6
15 17
3 78
4 78
33 67
2 35
30 84
23 50
13 38
3 78
9 79
41 95
4 6
18 40
78 90
18 40
49 50
57 76
22 85
11 47
7 100
4 34
59 61
74 94
41 54
63 74
44 53
37 76
18 16
2 5
3 14
2 13
2 3
4 8
14 16
8 11
8 15
4 11
9 10
5 14
6 11
5 9
3 6
2 4
4 8
5 10
9 10
100 100
28 66
8 12
18 34
9 96
6 99
25 61
55 90
13 97
8 29
14 88
12 57
83 95
67 87
83 100
30 53
67 74
3 49
43 82
61 72
2 11
26 47
3 40
61 75
30 45
2 94
9 31
10 52
3 72
54 84
53 95
17 81
13 85
45 70
30 37
33 70
10 34
55 90
23 98
25 97
28 65
70 84
36 53
46 47
13 80
2 13
24 49
24 92
16 31
50 82
2 53
29 91
14 38
60 92
42 94
21 60
47 68
45 55
21 27
36 42
14 79
50 97
49 64
14 92
33 50
87 90
7 86
29 53
34 82
4 52
65 100
52 53
14 42
34 86
9 41
51 54
22 46
66 88
23 69
50 63
16 72
10 63
21 82
17 53
25 76
60 95
7 76
57 69
82 86
4 88
53 97
35 62
24 33
30 74
13 35
8 78
60 62
44 63
1 54
47 87
43 69
100 15
10 10
6 12
11 12
6 6
8 9
2 11
10 14
7 8
4 12
12 14
2 6
5 9
4 12
4 8
1 11
2 15
13 14
4 14
1 3
4 6
3 14
11 15
8 10
5 10
12 14
4 10
2 15
3 14
4 14
1 6
1 5
3 10
1 11
6 15
5 7
7 12
5 5
8 10
1 14
1 10
3 10
2 9
11 13
6 11
1 13
7 14
9 11
8 12
9 9
3 11
8 11
3 8
1 7
1 8
6 8
4 15
13 15
13 15
8 12
10 12
12 15
2 11
1 8
6 8
7 15
11 13
3 13
3 9
2 14
4 5
10 14
3 5
4 10
4 11
7 14
4 15
4 4
1 4
7 7
3 8
3 9
1 15
4 11
2 8
6 12
3 11
5 14
3 7
2 6
2 13
2 9
5 12
5 12
4 9
7 13
1 7
2 12
8 13
13 14
2 8
